##再ハッシュなしの処理速度

hirochi@ThinkPad:~/STEP_homework/week2$ python3 hash_table_2.py
Functional tests passed!
0 0.231731
1 0.731018
2 1.188843
3 1.470136
4 2.043848
5 2.673401
6 3.554496
7 4.200875
8 3.583134
9 5.434964
10 6.425221
11 7.996739
12 8.752958
13 8.025444
14 10.124984
15 10.788938
16 10.597174
17 13.027233
18 12.256773

##再ハッシュ＝item数が70を超えたらテーブルを2倍（テーブルはずっと拡張）
###だいぶ良くなった。でもちょっとずつ増えてる
Functional tests passed!
0 0.209920
1 0.284159
2 0.276206
3 0.430697
4 0.272588
5 0.324557
6 0.747544
7 0.307930
8 0.331904
9 0.415803
10 0.459565
11 0.483843
12 0.512685
13 1.387468
14 0.346486
15 0.387688
16 0.412279
17 0.472054
18 0.527248
19 0.499060
20 0.543978
21 0.588010
22 0.613254
23 0.648352
24 0.632802
25 0.679359
26 0.711527
27 2.750221
28 0.433110
29 0.459665
30 0.483416
31 0.512682
32 0.622988
33 0.556196
34 0.589438
35 0.599617
36 0.612340
37 0.642112
38 0.653090
39 0.712579
40 0.699974
41 0.853523
42 0.774078
43 0.794981
44 0.773726
45 0.774465
46 0.820861
47 0.830072
48 0.838945
49 0.895900